procs -----------memory---------- ---swap-- -----io---- -system-- ------cpu-----
 r  b 交换 空闲 缓冲 缓存   si   so    bi    bo   in   cs us sy id wa st
 1  1      0 3551252 215172 1842688    0    0   119   163  468 1571 10  3 86  0  0
 0  0      0 3547352 215172 1846932    0    0     0     0  685 1977  4  1 96  0  0
 3  0      0 3575228 215172 1846272    0    0     0     0 1713 42630  4  6 90  0  0
 3  0      0 3732784 215172 1846380    0    0     0     0 14509 281798 34 39 27  0  0
 3  0      0 3626560 215172 1843208    0    0     0     0 18294 285667 32 40 28  0  0
 3  0      0 3512484 215180 1840176    0    0     0    36 20594 299801 35 37 28  0  0
 3  0      0 3403952 215180 1840324    0    0     0     0 10987 239470 36 37 27  0  0
 3  0      0 3645752 215180 1840672    0    0     0     0 17374 267395 36 38 25  0  0
 3  0      0 3536792 215180 1841048    0    0     0     0 13305 254836 34 38 28  0  0
 3  0      0 3425104 215188 1841376    0    0     0    40 13674 277626 35 37 28  0  0
 3  0      0 3334220 215188 1841760    0    0     0     0 13334 244484 35 37 28  0  0
 3  0      0 2781792 215196 2312960    0    0     0  3128 10704 236104 32 37 30  1  0
 0  1      0 2715868 215220 2379392    0    0    20 524548 2140 16251  4  4 71 21  0
 0  1      0 2711632 215228 2380888    0    0     0 524444 4395 125458 12 14 60 13  0
 1  0      0 2712432 215236 2380944    0    0     0    16  748 1038  4 12 75  9  0
 1  0      0 2713796 215236 2379408    0    0     0     0  624  859  5 20 75  0  0
 0  0      0 2711528 215244 2381456    0    0     0    12  539 1062  1  5 94  0  0
 0  0      0 2711496 215244 2381456    0    0     0     0  308  798  0  0 100  0  0
 0  0      0 2713200 215244 2379344    0    0     0     0  352  891  1  1 99  0  0
 1  0      0 3226508 215332 1862544    0    0     0 33744 3322 100291 11 21 66  2  0
 0  0      0 3247628 215360 1842672    0    0     0  8320  812 33742  5  6 89  0  0
procs -----------memory---------- ---swap-- -----io---- -system-- ------cpu-----
 r  b 交换 空闲 缓冲 缓存   si   so    bi    bo   in   cs us sy id wa st
 1  0      0 3247628 215360 1842632    0    0     0     0  377 1001  1  0 99  0  0
 1  0      0 3247504 215360 1842828    0    0     0     0  729 1727  2  0 98  0  0
